% time	cellId	IMSI	RNTI	layer	mcs	size	rv	ndi	correct
33	1	1	1	0	0	85	0	1	1
33	2	2	1	0	0	85	0	1	1
34	1	1	1	0	0	85	0	1	1
34	2	2	1	0	0	85	0	1	1
35	1	1	1	0	0	85	0	1	1
35	2	2	1	0	0	85	0	1	1
36	1	1	1	0	0	85	0	1	1
36	2	2	1	0	0	85	0	1	1
37	1	1	1	0	0	85	0	1	1
37	2	2	1	0	0	85	0	1	1
38	1	1	1	0	0	85	0	1	1
38	2	2	1	0	0	85	0	1	1
39	1	1	1	0	0	85	0	1	1
39	2	2	1	0	0	85	0	1	1
40	1	1	1	0	28	2292	0	1	1
40	2	2	1	0	28	2292	0	1	1
41	1	1	1	0	28	2292	0	1	1
41	2	2	1	0	28	2292	0	1	1
42	1	1	1	0	28	2292	0	1	1
42	2	2	1	0	28	2292	0	1	1
43	1	1	1	0	28	2292	0	1	1
43	2	2	1	0	28	2292	0	1	1
44	1	1	1	0	28	2292	0	1	1
44	2	2	1	0	28	2292	0	1	1
45	1	1	1	0	28	2292	0	1	1
45	2	2	1	0	28	2292	0	1	1
46	1	1	1	0	28	2292	0	1	1
46	2	2	1	0	28	2292	0	1	1
47	1	1	1	0	28	2292	0	1	1
47	2	2	1	0	28	2292	0	1	1
48	1	1	1	0	28	2292	0	1	1
48	2	2	1	0	28	2292	0	1	1
49	1	1	1	0	28	2292	0	1	1
49	2	2	1	0	28	2292	0	1	1
50	1	1	1	0	28	2292	0	1	1
50	2	2	1	0	28	2292	0	1	1
51	1	1	1	0	28	2292	0	1	1
51	2	2	1	0	28	2292	0	1	1
52	1	1	1	0	28	2292	0	1	1
52	2	2	1	0	28	2292	0	1	1
53	1	1	1	0	28	2292	0	1	1
53	2	2	1	0	28	2292	0	1	1
54	1	1	1	0	28	2292	0	1	1
54	2	2	1	0	28	2292	0	1	1
55	1	1	1	0	28	2292	0	1	1
55	2	2	1	0	28	2292	0	1	1
56	1	1	1	0	28	2292	0	1	1
56	2	2	1	0	28	2292	0	1	1
57	1	1	1	0	28	2292	0	1	1
57	2	2	1	0	28	2292	0	1	1
58	1	1	1	0	28	2292	0	1	1
58	2	2	1	0	28	2292	0	1	1
59	1	1	1	0	28	2292	0	1	1
59	2	2	1	0	28	2292	0	1	1
60	1	1	1	0	28	2292	0	1	1
60	2	2	1	0	28	2292	0	1	1
61	1	1	1	0	28	2292	0	1	1
61	2	2	1	0	28	2292	0	1	1
62	1	1	1	0	28	2292	0	1	1
62	2	2	1	0	28	2292	0	1	1
63	1	1	1	0	28	2292	0	1	1
63	2	2	1	0	28	2292	0	1	1
64	1	1	1	0	28	2292	0	1	1
64	2	2	1	0	28	2292	0	1	1
65	1	1	1	0	28	2292	0	1	1
65	2	2	1	0	28	2292	0	1	1
66	1	1	1	0	28	2292	0	1	1
66	2	2	1	0	28	2292	0	1	1
67	1	1	1	0	28	2292	0	1	1
67	2	2	1	0	28	2292	0	1	1
68	1	1	1	0	28	2292	0	1	1
68	2	2	1	0	28	2292	0	1	1
69	1	1	1	0	28	2292	0	1	1
69	2	2	1	0	28	2292	0	1	1
70	1	1	1	0	28	2292	0	1	1
70	2	2	1	0	28	2292	0	1	1
71	1	1	1	0	28	2292	0	1	1
71	2	2	1	0	28	2292	0	1	1
72	1	1	1	0	28	2292	0	1	1
72	2	2	1	0	28	2292	0	1	1
73	1	1	1	0	28	2292	0	1	1
73	2	2	1	0	28	2292	0	1	1
74	1	1	1	0	28	2292	0	1	1
74	2	2	1	0	28	2292	0	1	1
75	1	1	1	0	28	2292	0	1	1
75	2	2	1	0	28	2292	0	1	1
76	1	1	1	0	28	2292	0	1	1
76	2	2	1	0	28	2292	0	1	1
77	1	1	1	0	28	2292	0	1	1
77	2	2	1	0	28	2292	0	1	1
78	1	1	1	0	28	2292	0	1	1
78	2	2	1	0	28	2292	0	1	1
79	1	1	1	0	28	2292	0	1	1
79	2	2	1	0	28	2292	0	1	1
80	1	1	1	0	28	2292	0	1	1
80	2	2	1	0	28	2292	0	1	1
81	1	1	1	0	28	2292	0	1	1
81	2	2	1	0	28	2292	0	1	1
82	1	1	1	0	28	2292	0	1	1
82	2	2	1	0	28	2292	0	1	1
83	1	1	1	0	28	2292	0	1	1
83	2	2	1	0	28	2292	0	1	1
84	1	1	1	0	28	2292	0	1	1
84	2	2	1	0	28	2292	0	1	1
85	1	1	1	0	28	2292	0	1	1
85	2	2	1	0	28	2292	0	1	1
86	1	1	1	0	28	2292	0	1	1
86	2	2	1	0	28	2292	0	1	1
87	1	1	1	0	28	2292	0	1	1
87	2	2	1	0	28	2292	0	1	1
88	1	1	1	0	28	2292	0	1	1
88	2	2	1	0	28	2292	0	1	1
89	1	1	1	0	28	2292	0	1	1
89	2	2	1	0	28	2292	0	1	1
90	1	1	1	0	28	2292	0	1	1
90	2	2	1	0	28	2292	0	1	1
99	1	1	1	0	28	2292	0	1	1
99	2	2	1	0	28	2292	0	1	1
100	1	1	1	0	28	2292	0	1	1
100	2	2	1	0	28	2292	0	1	1
101	1	1	1	0	28	2292	0	1	1
101	2	2	1	0	28	2292	0	1	1
102	1	1	1	0	28	2292	0	1	1
102	2	2	1	0	28	2292	0	1	1
103	1	1	1	0	28	2292	0	1	1
103	2	2	1	0	28	2292	0	1	1
104	1	1	1	0	28	2292	0	1	1
104	2	2	1	0	28	2292	0	1	1
105	1	1	1	0	28	2292	0	1	1
105	2	2	1	0	28	2292	0	1	1
106	1	1	1	0	28	2292	0	1	1
106	2	2	1	0	28	2292	0	1	1
107	1	1	1	0	28	2292	0	1	1
107	2	2	1	0	28	2292	0	1	1
108	1	1	1	0	28	2292	0	1	1
108	2	2	1	0	28	2292	0	1	1
109	1	1	1	0	28	2292	0	1	1
109	2	2	1	0	28	2292	0	1	1
110	1	1	1	0	28	2292	0	1	1
110	2	2	1	0	28	2292	0	1	1
111	1	1	1	0	28	2292	0	1	1
111	2	2	1	0	28	2292	0	1	1
112	1	1	1	0	28	2292	0	1	1
112	2	2	1	0	28	2292	0	1	1
113	1	1	1	0	28	2292	0	1	1
113	2	2	1	0	28	2292	0	1	1
114	1	1	1	0	28	2292	0	1	1
114	2	2	1	0	28	2292	0	1	1
115	1	1	1	0	28	2292	0	1	1
115	2	2	1	0	28	2292	0	1	1
116	1	1	1	0	28	2292	0	1	1
116	2	2	1	0	28	2292	0	1	1
117	1	1	1	0	28	2292	0	1	1
117	2	2	1	0	28	2292	0	1	1
118	1	1	1	0	28	2292	0	1	1
118	2	2	1	0	28	2292	0	1	1
119	1	1	1	0	28	2292	0	1	1
119	2	2	1	0	28	2292	0	1	1
120	1	1	1	0	28	2292	0	1	1
120	2	2	1	0	28	2292	0	1	1
121	1	1	1	0	28	2292	0	1	1
121	2	2	1	0	28	2292	0	1	1
122	1	1	1	0	28	2292	0	1	1
122	2	2	1	0	28	2292	0	1	1
123	1	1	1	0	28	2292	0	1	1
123	2	2	1	0	28	2292	0	1	1
124	1	1	1	0	28	2292	0	1	1
124	2	2	1	0	28	2292	0	1	1
125	1	1	1	0	28	2292	0	1	1
125	2	2	1	0	28	2292	0	1	1
126	1	1	1	0	28	2292	0	1	1
126	2	2	1	0	28	2292	0	1	1
127	1	1	1	0	28	2292	0	1	1
127	2	2	1	0	28	2292	0	1	1
128	1	1	1	0	28	2292	0	1	1
128	2	2	1	0	28	2292	0	1	1
129	1	1	1	0	28	2292	0	1	1
129	2	2	1	0	28	2292	0	1	1
130	1	1	1	0	28	2292	0	1	1
130	2	2	1	0	28	2292	0	1	1
131	1	1	1	0	28	2292	0	1	1
131	2	2	1	0	28	2292	0	1	1
132	1	1	1	0	28	2292	0	1	1
132	2	2	1	0	28	2292	0	1	1
133	1	1	1	0	28	2292	0	1	1
133	2	2	1	0	28	2292	0	1	1
134	1	1	1	0	28	2292	0	1	1
134	2	2	1	0	28	2292	0	1	1
135	1	1	1	0	28	2292	0	1	1
135	2	2	1	0	28	2292	0	1	1
136	1	1	1	0	28	2292	0	1	1
136	2	2	1	0	28	2292	0	1	1
137	1	1	1	0	28	2292	0	1	1
137	2	2	1	0	28	2292	0	1	1
138	1	1	1	0	28	2292	0	1	1
138	2	2	1	0	28	2292	0	1	1
139	1	1	1	0	28	2292	0	1	1
139	2	2	1	0	28	2292	0	1	1
140	1	1	1	0	28	2292	0	1	1
140	2	2	1	0	28	2292	0	1	1
141	1	1	1	0	28	2292	0	1	1
141	2	2	1	0	28	2292	0	1	1
142	1	1	1	0	28	2292	0	1	1
142	2	2	1	0	28	2292	0	1	1
143	1	1	1	0	28	2292	0	1	1
143	2	2	1	0	28	2292	0	1	1
144	1	1	1	0	28	2292	0	1	1
144	2	2	1	0	28	2292	0	1	1
145	1	1	1	0	28	2292	0	1	1
145	2	2	1	0	28	2292	0	1	1
146	1	1	1	0	28	2292	0	1	1
146	2	2	1	0	28	2292	0	1	1
147	1	1	1	0	28	2292	0	1	1
147	2	2	1	0	28	2292	0	1	1
156	1	1	1	0	28	2292	0	1	1
156	2	2	1	0	28	2292	0	1	1
157	1	1	1	0	28	2292	0	1	1
157	2	2	1	0	28	2292	0	1	1
158	1	1	1	0	28	2292	0	1	1
158	2	2	1	0	28	2292	0	1	1
159	1	1	1	0	28	2292	0	1	1
159	2	2	1	0	28	2292	0	1	1
160	1	1	1	0	28	2292	0	1	1
160	2	2	1	0	28	2292	0	1	1
161	1	1	1	0	28	2292	0	1	1
161	2	2	1	0	28	2292	0	1	1
162	1	1	1	0	28	2292	0	1	1
162	2	2	1	0	28	2292	0	1	1
163	1	1	1	0	28	2292	0	1	1
163	2	2	1	0	28	2292	0	1	1
164	1	1	1	0	28	2292	0	1	1
164	2	2	1	0	28	2292	0	1	1
165	1	1	1	0	28	2292	0	1	1
165	2	2	1	0	28	2292	0	1	1
166	1	1	1	0	28	2292	0	1	1
166	2	2	1	0	28	2292	0	1	1
167	1	1	1	0	28	2292	0	1	1
167	2	2	1	0	28	2292	0	1	1
168	1	1	1	0	28	2292	0	1	1
168	2	2	1	0	28	2292	0	1	1
169	1	1	1	0	28	2292	0	1	1
169	2	2	1	0	28	2292	0	1	1
170	1	1	1	0	28	2292	0	1	1
170	2	2	1	0	28	2292	0	1	1
171	1	1	1	0	28	2292	0	1	1
171	2	2	1	0	28	2292	0	1	1
172	1	1	1	0	28	2292	0	1	1
172	2	2	1	0	28	2292	0	1	1
173	1	1	1	0	28	2292	0	1	1
173	2	2	1	0	28	2292	0	1	1
174	1	1	1	0	28	2292	0	1	1
174	2	2	1	0	28	2292	0	1	1
175	1	1	1	0	28	2292	0	1	1
175	2	2	1	0	28	2292	0	1	1
176	1	1	1	0	28	2292	0	1	1
176	2	2	1	0	28	2292	0	1	1
177	1	1	1	0	28	2292	0	1	1
177	2	2	1	0	28	2292	0	1	1
178	1	1	1	0	28	2292	0	1	1
178	2	2	1	0	28	2292	0	1	1
179	1	1	1	0	28	2292	0	1	1
179	2	2	1	0	28	2292	0	1	1
180	1	1	1	0	28	2292	0	1	1
180	2	2	1	0	28	2292	0	1	1
181	1	1	1	0	28	2292	0	1	1
181	2	2	1	0	28	2292	0	1	1
182	1	1	1	0	28	2292	0	1	1
182	2	2	1	0	28	2292	0	1	1
183	1	1	1	0	28	2292	0	1	1
183	2	2	1	0	28	2292	0	1	1
184	1	1	1	0	28	2292	0	1	1
184	2	2	1	0	28	2292	0	1	1
185	1	1	1	0	28	2292	0	1	1
185	2	2	1	0	28	2292	0	1	1
186	1	1	1	0	28	2292	0	1	1
186	2	2	1	0	28	2292	0	1	1
187	1	1	1	0	28	2292	0	1	1
187	2	2	1	0	28	2292	0	1	1
188	1	1	1	0	28	2292	0	1	1
188	2	2	1	0	28	2292	0	1	1
189	1	1	1	0	28	2292	0	1	1
189	2	2	1	0	28	2292	0	1	1
190	1	1	1	0	28	2292	0	1	1
190	2	2	1	0	28	2292	0	1	1
191	1	1	1	0	28	2292	0	1	1
191	2	2	1	0	28	2292	0	1	1
192	1	1	1	0	28	2292	0	1	1
192	2	2	1	0	28	2292	0	1	1
193	1	1	1	0	28	2292	0	1	1
193	2	2	1	0	28	2292	0	1	1
194	1	1	1	0	28	2292	0	1	1
194	2	2	1	0	28	2292	0	1	1
195	1	1	1	0	28	2292	0	1	1
195	2	2	1	0	28	2292	0	1	1
196	1	1	1	0	28	2292	0	1	1
196	2	2	1	0	28	2292	0	1	1
197	1	1	1	0	28	2292	0	1	1
197	2	2	1	0	28	2292	0	1	1
198	1	1	1	0	28	2292	0	1	1
198	2	2	1	0	28	2292	0	1	1
199	1	1	1	0	28	2292	0	1	1
199	2	2	1	0	28	2292	0	1	1
200	1	1	1	0	28	2292	0	1	1
200	2	2	1	0	28	2292	0	1	1
201	1	1	1	0	28	2292	0	1	1
201	2	2	1	0	28	2292	0	1	1
202	1	1	1	0	28	2292	0	1	1
202	2	2	1	0	28	2292	0	1	1
203	1	1	1	0	28	2292	0	1	1
203	2	2	1	0	28	2292	0	1	1
204	1	1	1	0	28	2292	0	1	1
204	2	2	1	0	28	2292	0	1	1
213	1	1	1	0	28	2292	0	1	1
213	2	2	1	0	28	2292	0	1	1
214	1	1	1	0	28	2292	0	1	1
214	2	2	1	0	28	2292	0	1	1
215	1	1	1	0	28	2292	0	1	1
215	2	2	1	0	28	2292	0	1	1
216	1	1	1	0	28	2292	0	1	1
216	2	2	1	0	28	2292	0	1	1
217	1	1	1	0	28	2292	0	1	1
217	2	2	1	0	28	2292	0	1	1
218	1	1	1	0	28	2292	0	1	1
218	2	2	1	0	28	2292	0	1	1
219	1	1	1	0	28	2292	0	1	1
219	2	2	1	0	28	2292	0	1	1
220	1	1	1	0	28	2292	0	1	1
220	2	2	1	0	28	2292	0	1	1
221	1	1	1	0	28	2292	0	1	1
221	2	2	1	0	28	2292	0	1	1
222	1	1	1	0	28	2292	0	1	1
222	2	2	1	0	28	2292	0	1	1
223	1	1	1	0	28	2292	0	1	1
223	2	2	1	0	28	2292	0	1	1
224	1	1	1	0	28	2292	0	1	1
224	2	2	1	0	28	2292	0	1	1
225	1	1	1	0	28	2292	0	1	1
225	2	2	1	0	28	2292	0	1	1
226	1	1	1	0	28	2292	0	1	1
226	2	2	1	0	28	2292	0	1	1
227	1	1	1	0	28	2292	0	1	1
227	2	2	1	0	28	2292	0	1	1
228	1	1	1	0	28	2292	0	1	1
228	2	2	1	0	28	2292	0	1	1
229	1	1	1	0	28	2292	0	1	1
229	2	2	1	0	28	2292	0	1	1
230	1	1	1	0	28	2292	0	1	1
230	2	2	1	0	28	2292	0	1	1
231	1	1	1	0	28	2292	0	1	1
231	2	2	1	0	28	2292	0	1	1
232	1	1	1	0	28	2292	0	1	1
232	2	2	1	0	28	2292	0	1	1
233	1	1	1	0	28	2292	0	1	1
233	2	2	1	0	28	2292	0	1	1
234	1	1	1	0	28	2292	0	1	1
234	2	2	1	0	28	2292	0	1	1
235	1	1	1	0	28	2292	0	1	1
235	2	2	1	0	28	2292	0	1	1
236	1	1	1	0	28	2292	0	1	1
236	2	2	1	0	28	2292	0	1	1
237	1	1	1	0	28	2292	0	1	1
237	2	2	1	0	28	2292	0	1	1
238	1	1	1	0	28	2292	0	1	1
238	2	2	1	0	28	2292	0	1	1
239	1	1	1	0	28	2292	0	1	1
239	2	2	1	0	28	2292	0	1	1
240	1	1	1	0	28	2292	0	1	1
240	2	2	1	0	28	2292	0	1	1
241	1	1	1	0	28	2292	0	1	1
241	2	2	1	0	28	2292	0	1	1
242	1	1	1	0	28	2292	0	1	1
242	2	2	1	0	28	2292	0	1	1
243	1	1	1	0	28	2292	0	1	1
243	2	2	1	0	28	2292	0	1	1
244	1	1	1	0	28	2292	0	1	1
244	2	2	1	0	28	2292	0	1	1
245	1	1	1	0	28	2292	0	1	1
245	2	2	1	0	28	2292	0	1	1
246	1	1	1	0	28	2292	0	1	1
246	2	2	1	0	28	2292	0	1	1
247	1	1	1	0	28	2292	0	1	1
247	2	2	1	0	28	2292	0	1	1
248	1	1	1	0	28	2292	0	1	1
248	2	2	1	0	28	2292	0	1	1
249	1	1	1	0	28	2292	0	1	1
249	2	2	1	0	28	2292	0	1	1
250	1	1	1	0	28	2292	0	1	1
250	2	2	1	0	28	2292	0	1	1
251	1	1	1	0	28	2292	0	1	1
251	2	2	1	0	28	2292	0	1	1
252	1	1	1	0	28	2292	0	1	1
252	2	2	1	0	28	2292	0	1	1
